79- 99. 7. 777 7777777777 777777777777777.

7777777777 777777 99, 99 qu} per metum 7777777 7777777777.
ordinem 9999191 suscepit, 7777777777 7777777777 7777777777 999-
77777 Cone. 999 8777. 777777. 7..77777.7 7777777. 8977. 77777777.
0777777. 77 77777 ,999 9999 999 8188998999999· 877777.
9999999999999999999.9·9·.919999999.9·.999999
189. 77777777. 77777777. 7. 9999 7.7..Ρ77 7777777ῃῶ7.
7777777777. 7777777777 7787, 87777. 77. 87. 8. p. .7. 9989
77777777. 7777. 7777. 777. 9999, ‹1989888919999999 777777
7777777777, 899199999999 9199989889999 onmem-velle
77773777 ad 9999 7777777, 7777 999, 7777 099999 777777 7777.
7777 7777777777 9 1898 77777 999 7777777 9999999 ordinati
99898'99 989999899 77777777. 777 777777 8777777777. 9988.
77777 99. 777. ulq 77 7777777777777 777. 9. 9999. 7777.ι 8777
- 7777777,77777777777. 6. 77. 877 ,.

777 trobabiloest, Meum quinon 999999919989991899
989, 77 dispensatione, 77777777 7777777 7777 7777777, 777
7777777 77777777,77777177777 899 99. 7777777 7777777777
7777777777. 7777777. 7. 7. 7. 77777. 5. 7. 99989919 777...
..8 ‘9¹99 tenentur, qui 7777777 7777777777, 7777777777
9 (7777 9899 centibus 77 7777777777 7777777777, 99 9999 7777
9 91989899988199 7777777777. 777 999. 77777. 777777. 7777777
. 7777. 877. 77 777777. Tamen 77777 777777 haymo· 7. 8. ...777
9· 99998199998991 7777777777 99998999989919: 77 9999 8999
..77 titulum perpetuum, 7777777777 77777777 7777777777..
Ῐ fflfflqffiiffiffidffi9fflss w&
9> 77 consistant 19 solo temporali· 7777777777. 9999999 99999
9 7777777 7777777777, 777777 7777777777 909 999. 7777777 ,77777
. beneficia, 777 dub-1999. 7777777 potest Quod 7777777 9998
.. 7. 77. e. 8 77 . 77 P9199,sifruant99 9999999999999899

7777777777 9 99989, 77 777777 7777777777. (777777 7777777. 7577.) -

7777777777 77777 77777777 7777777777, si 777 administrae-,9199
. 9999910 899899999‘9998999, 1²99 77777.. 7. 9 7777777777.

9989 9989 (777 7777777777 7777787777. 77. 77. 7. 7. p. 5.

999 9
37. 8. 77777 92999999999999999 7777777777 777777 7777777777

7777777777, 77777777· 7777777 7777777777 999999990999 77777

..7777 beneficia, 777 patroni 89998999993 quia 999· 777

»77777777 77777. 77777. 77777. 7777. 77....

·.777 -89998991989 qui 7777777· 99 99989899991 ‚officii

 

